0.000000000000000000e+00 0.000000000000000000e+00 0.000000000000000000e+00 0.000000000000000000e+00 0.000000000000000000e+00 0.000000000000000000e+00 1.800000000000000044e+00
0.000000000000000000e+00 0.000000000000000000e+00 0.000000000000000000e+00 5.000000000000000000e-01 0.000000000000000000e+00 0.000000000000000000e+00 1.000000000000000000e+00
0.000000000000000000e+00 -5.000000000000000000e-01 0.000000000000000000e+00 5.000000000000000000e-01 0.000000000000000000e+00 0.000000000000000000e+00 1.500000000000000000e+00
0.000000000000000000e+00 -5.000000000000000000e-01 0.000000000000000000e+00 1.500000000000000000e+00 0.000000000000000000e+00 0.000000000000000000e+00 1.000000000000000000e+00
0.000000000000000000e+00 -5.000000000000000000e-01 0.000000000000000000e+00 1.500000000000000000e+00 0.000000000000000000e+00 1.500000000000000000e+00 1.000000000000000000e+00
5.000000000000000000e-01 -5.000000000000000000e-01 0.000000000000000000e+00 1.500000000000000000e+00 0.000000000000000000e+00 1.500000000000000000e+00 1.199999999999999956e+00
5.000000000000000000e-01 0.000000000000000000e+00 0.000000000000000000e+00 5.000000000000000000e-01 0.000000000000000000e+00 1.500000000000000000e+00 1.199999999999999956e+00
5.000000000000000000e-01 -8.000000000000000444e-01 0.000000000000000000e+00 5.000000000000000000e-01 0.000000000000000000e+00 1.500000000000000000e+00 1.199999999999999956e+00
0.000000000000000000e+00 -5.000000000000000000e-01 0.000000000000000000e+00 1.000000000000000000e+00 0.000000000000000000e+00 -1.300000000000000044e+00 1.500000000000000000e+00
2.000000000000000111e-01 -5.000000000000000000e-01 0.000000000000000000e+00 1.500000000000000000e+00 0.000000000000000000e+00 -1.300000000000000044e+00 1.500000000000000000e+00
5.000000000000000000e-01 -5.000000000000000000e-01 -2.999999999999999889e-01 1.800000000000000044e+00 2.000000000000000111e-01 -1.300000000000000044e+00 1.500000000000000000e+00
-5.752430000000000217e-03 -5.418787099999999857e-01 -8.436890000000000708e-03 7.455146599999999957e-01 -6.038349499999999814e-01 1.265150650000000043e+00 1.500000000000000000e+00
-2.000000000000000111e-01 -5.500000000000000444e-01 -2.000000000000000111e-01 7.449999999999999956e-01 -6.500000000000000222e-01 1.250000000000000000e+00 5.000000000000000000e-01
-2.000000000000000111e-01 -5.999999999999999778e-01 -2.000000000000000111e-01 8.000000000000000444e-01 -6.500000000000000222e-01 1.500000000000000000e+00 5.000000000000000000e-01
-0.000000000000000000e+00 -2.999999999999999889e-01 -5.000000000000000000e-01 8.000000000000000444e-01 -6.500000000000000222e-01 1.500000000000000000e+00 2.000000000000000111e-01
-5.000000000000000000e-01 -5.000000000000000000e-01 0.000000000000000000e+00 8.000000000000000444e-01 0.000000000000000000e+00 1.000000000000000000e+00 4.000000000000000222e-01
-8.000000000000000444e-01 -2.000000000000000111e-01 5.000000000000000000e-01 8.000000000000000444e-01 0.000000000000000000e+00 1.000000000000000000e+00 4.000000000000000222e-01
5.000000000000000000e-01 -2.000000000000000111e-01 5.000000000000000000e-01 8.000000000000000444e-01 -5.000000000000000000e-01 1.000000000000000000e+00 1.800000000000000044e+00
1.500000000000000000e+00 -2.000000000000000111e-01 5.000000000000000000e-01 8.000000000000000444e-01 -5.000000000000000000e-01 1.000000000000000000e+00 3.000000000000000000e+00
1.500000000000000000e+00 -2.000000000000000111e-01 5.000000000000000000e-01 1.800000000000000044e+00 -5.000000000000000000e-01 1.000000000000000000e+00 2.799999999999999822e+00
