1.642000000000000000e+03 6.670000000000000000e+02
1.531000000000000000e+03 1.134000000000000000e+03
1.610000000000000000e+03 4.510000000000000000e+02
1.192000000000000000e+03 1.199000000000000000e+03
7.440000000000000000e+02 1.057000000000000000e+03
7.970000000000000000e+02 1.034000000000000000e+03
1.015000000000000000e+03 1.170000000000000000e+03
1.213000000000000000e+03 7.330000000000000000e+02
1.388000000000000000e+03 3.950000000000000000e+02
1.356000000000000000e+03 7.310000000000000000e+02
1.275000000000000000e+03 8.500000000000000000e+02
1.136000000000000000e+03 9.140000000000000000e+02
7.680000000000000000e+02 7.970000000000000000e+02
6.480000000000000000e+02 7.670000000000000000e+02
5.840000000000000000e+02 8.800000000000000000e+02
9.120000000000000000e+02 1.101000000000000000e+03
9.750000000000000000e+02 1.278000000000000000e+03
1.112000000000000000e+03 1.092000000000000000e+03
8.140000000000000000e+02 1.044000000000000000e+03
5.540000000000000000e+02 1.133000000000000000e+03
