4.948326269649268583e-01 -8.692254723444083064e-02 7.879910351043060146e-01
4.137000515321666572e-01 2.907118570671528568e-01 8.012762709265542904e-01
5.080765239789708509e-01 -2.800263690995087873e-01 8.543899939988082171e-01
1.579125040683939385e-01 3.917191629204704872e-01 9.049015359153580462e-01
-3.165914415789244929e-01 3.205342463003159614e-01 1.113352647015151131e+00
-2.934777853631034272e-01 3.380672263329634331e-01 1.274915498623446330e+00
-8.604797159182551655e-03 5.266731767340325776e-01 1.302535337404141291e+00
2.655743713051373911e-01 -5.965739733015783253e-02 1.337065203205614949e+00
3.391697991377639609e-01 -3.518728064297124147e-01 9.069520704842020109e-01
3.567368101329427832e-01 -4.772463738966779834e-02 1.033914671070822688e+00
2.864931306549096668e-01 8.408671524549790610e-02 1.090752727444953551e+00
8.365337776075054688e-02 1.007667541962920105e-01 7.037131691092443075e-01
-1.358519138598353881e-01 1.127087756827054553e-02 5.190063967381035592e-01
-2.110244963239520655e-01 -4.902910781838912095e-03 5.513599281511488703e-01
-2.498938484737948662e-01 5.932785933967803238e-02 5.589271645238991226e-01
-5.876168375590350851e-02 1.760326322921444420e-01 5.256943034864915987e-01
-3.066630200533779910e-02 3.315387741365717345e-01 6.474291675837079429e-01
1.365220586449329698e-01 4.775936094123330866e-01 1.465239556488346251e+00
-4.451868191402080233e-01 5.770256970225565718e-01 2.089594468954451667e+00
-7.030292718436895738e-01 5.377519963210616316e-01 1.485761489955851555e+00
