1.644225512833805169e+03 6.669390587089918654e+02
1.533142607011490099e+03 1.137217319365131743e+03
1.611097874886903583e+03 4.508041239457607503e+02
1.193133749285957720e+03 1.206871349290848229e+03
7.366630289423093245e+02 1.062756276947875676e+03
7.905449471463321061e+02 1.040161138139035756e+03
1.012965259687963226e+03 1.178501467384818170e+03
1.217124734498618636e+03 7.322353742725453003e+02
1.391551002644692517e+03 3.909430314432545401e+02
1.362770502480434970e+03 7.307036319236335657e+02
1.280821913406192834e+03 8.532130319056949475e+02
1.137790539210026282e+03 9.189183823817596704e+02
7.591498075770964533e+02 7.981713600610721642e+02
6.388007575389744943e+02 7.677465565088257335e+02
5.747758059952425356e+02 8.820939290446999621e+02
9.083413948027281322e+02 1.109431617474638870e+03
9.724180035300436202e+02 1.285594699279626639e+03
1.112224356440894326e+03 1.100576880931088681e+03
8.075999564177259344e+02 1.051069313251133281e+03
5.488297932243000332e+02 1.136348514079243159e+03
